24	37	1
24	368	1
24	566	1
24	685	1
24	2122	1
24	2455	1
24	2715	1
24	2839	1
37	47	1
37	48	4
37	52	2
37	72	4
37	103	1
37	347	1
37	354	12
37	361	5
37	368	11
37	376	2
37	392	3
37	394	3
37	415	2
37	429	1
37	435	3
37	532	1
37	542	4
37	566	2
37	621	2
37	623	1
37	685	1
37	752	2
37	905	4
37	908	1
37	982	5
37	1006	1
37	1025	7
37	1091	1
37	1171	2
37	1212	11
37	1258	1
37	1262	1
37	1400	2
37	1401	1
37	1402	1
37	1454	2
37	1617	1
37	1681	2
37	1720	1
37	1763	10
37	1780	1
37	1863	1
37	1991	1
37	2025	1
37	2063	1
37	2149	1
37	2159	4
37	2191	10
37	2198	1
37	2245	1
37	2380	1
37	2393	1
37	2420	2
37	2421	2
37	2450	1
37	2478	1
37	2636	4
37	2656	3
37	2695	1
37	2715	2
37	2752	1
37	2756	1
37	2792	1
37	2795	1
37	2796	1
37	2797	3
37	2839	1
37	2879	2
37	2884	1
37	2913	1
37	2922	2
37	2980	1
47	72	1
47	354	1
47	394	1
47	523	1
48	532	1
48	566	1
48	982	1
48	1025	1
48	1617	1
48	1737	1
48	1763	2
48	1780	1
48	1863	1
48	1906	1
48	2122	1
48	2159	1
48	2191	2
48	2792	1
48	2922	1
52	354	1
52	361	1
52	392	1
52	532	1
52	569	1
52	752	1
52	982	1
52	1212	1
52	1763	1
52	1906	1
52	2191	1
52	2547	1
52	2623	1
52	2636	1
52	2656	1
52	2715	1
52	2797	1
72	81	1
72	351	1
72	354	2
72	361	3
72	368	1
72	376	1
72	392	1
72	415	1
72	429	1
72	435	1
72	542	3
72	621	1
72	752	2
72	905	2
72	982	2
72	1025	2
72	1037	2
72	1091	1
72	1171	1
72	1212	3
72	1763	6
72	1780	3
72	1863	1
72	1991	1
72	2027	1
72	2047	1
72	2122	1
72	2149	2
72	2159	1
72	2191	2
72	2245	1
72	2380	1
72	2504	2
72	2636	1
72	2656	5
72	2715	1
72	2746	2
72	2752	2
72	2795	2
72	2797	1
72	2839	1
75	392	1
75	415	1
75	532	1
75	685	1
75	982	1
75	1763	1
75	2149	2
75	2323	1
75	2656	3
75	2839	1
81	354	1
81	392	1
81	882	1
81	1262	1
81	2323	1
96	474	1
96	542	1
96	982	1
96	1091	1
96	1681	1
96	1863	1
96	2159	2
96	2329	1
96	2688	1
103	368	1
103	532	1
103	542	1
103	2149	2
103	2884	1
103	2913	1
341	354	1
341	366	1
341	729	2
341	1025	1
341	2715	1
347	354	3
347	368	2
347	542	1
347	799	1
347	982	1
347	1025	1
347	1242	1
347	1763	1
347	2636	1
351	354	2
351	361	1
351	368	1
351	542	1
351	1091	2
351	2421	1
352	354	1
352	361	2
352	368	4
352	982	1
352	1608	1
352	1780	1
352	2283	1
352	2504	1
352	2752	1
354	361	4
354	368	11
354	394	1
354	523	1
354	542	3
354	569	1
354	729	1
354	748	1
354	752	4
354	799	1
354	905	1
354	1006	1
354	1025	2
354	1091	3
354	1242	1
354	1262	1
354	1400	2
354	1608	2
354	1763	4
354	2149	1
354	2191	1
354	2263	1
354	2283	2
354	2393	1
354	2420	1
354	2421	1
354	2478	1
354	2623	2
354	2656	2
354	2693	1
354	2756	1
354	2796	1
354	2913	1
361	368	4
361	392	1
361	429	1
361	435	1
361	542	3
361	621	2
361	752	1
361	882	1
361	905	3
361	982	3
361	1025	8
361	1091	2
361	1171	1
361	1212	4
361	1402	1
361	1608	1
361	1763	11
361	1780	3
361	1991	2
361	2159	1
361	2239	1
361	2283	2
361	2450	1
361	2504	2
361	2623	1
361	2636	2
361	2656	2
361	2695	1
361	2715	1
361	2734	1
361	2752	3
361	2796	2
361	2913	1
366	368	1
366	905	1
366	982	1
366	1212	2
366	1400	1
366	2636	1
366	2695	1
366	2734	1
366	2792	1
368	392	3
368	415	1
368	457	1
368	467	1
368	532	1
368	542	4
368	621	1
368	752	2
368	799	2
368	837	1
368	882	2
368	905	3
368	908	1
368	982	8
368	1025	1
368	1091	1
368	1175	2
368	1186	1
368	1212	6
368	1258	1
368	1400	2
368	1454	1
368	1608	3
368	1681	2
368	1763	1
368	1780	1
368	1807	1
368	1869	1
368	2027	3
368	2122	1
368	2159	2
368	2198	1
368	2202	1
368	2239	1
368	2263	1
368	2283	3
368	2323	1
368	2380	1
368	2393	1
368	2420	1
368	2455	1
368	2504	2
368	2636	2
368	2656	3
368	2685	1
368	2688	1
368	2693	1
368	2695	1
368	2734	1
368	2752	1
368	2795	3
368	2796	2
368	2797	1
368	2806	1
368	2840	2
368	2861	2
368	2879	1
368	2884	1
368	2913	2
368	2980	1
376	623	1
376	752	1
376	1037	1
376	1681	1
376	1763	1
376	2159	1
376	2636	2
376	2656	2
376	2756	1
392	394	1
392	474	1
392	542	1
392	566	1
392	752	2
392	908	1
392	982	2
392	1025	1
392	1212	3
392	1807	1
392	2122	1
392	2191	1
392	2323	1
392	2421	1
392	2656	1
392	2688	1
392	2792	1
392	2839	1
392	2980	1
394	429	1
394	542	1
394	1681	1
394	1763	1
394	2191	1
394	2283	1
394	2980	1
415	569	1
415	905	1
415	1025	1
415	1212	3
415	1720	1
415	1763	2
415	1906	2
415	1911	1
415	2025	1
415	2027	1
415	2149	1
415	2323	1
415	2380	1
415	2656	2
415	2795	1
415	2797	1
415	2806	2
429	752	1
429	1006	1
429	1242	1
435	542	1
435	621	1
435	982	1
435	1025	1
435	1212	3
435	1763	2
435	1780	1
435	1991	2
435	2752	1
450	1175	1
450	1401	1
450	2380	1
450	2393	1
450	2455	1
450	2752	1
450	2980	1
457	982	1
457	1720	1
457	2656	1
457	2734	1
457	2756	1
457	2795	1
457	2796	1
457	2840	1
457	2884	1
457	2913	1
467	532	3
467	982	1
467	2636	1
467	2656	2
467	2922	1
474	1025	1
474	1763	1
474	1906	1
474	2329	1
474	2715	3
474	2922	1
477	685	1
477	812	1
477	982	2
477	1763	2
477	1863	1
477	1906	1
477	2688	1
523	837	1
523	1025	1
532	905	1
532	982	2
532	1037	1
532	1212	1
532	1763	1
532	2149	3
532	2547	1
532	2632	1
532	2656	1
542	621	2
542	752	2
542	799	1
542	812	1
542	905	1
542	917	1
542	982	13
542	1025	5
542	1091	1
542	1212	12
542	1258	1
542	1681	1
542	1720	3
542	1763	13
542	1780	3
542	1863	2
542	1906	3
542	1911	1
542	1991	3
542	2025	1
542	2047	1
542	2063	1
542	2149	2
542	2159	1
542	2191	2
542	2245	1
542	2380	1
542	2420	1
542	2450	1
542	2504	3
542	2632	1
542	2636	1
542	2752	2
542	2756	2
542	2795	1
542	2796	2
542	2797	1
542	2839	2
542	2861	3
542	2879	1
542	2913	2
542	2922	2
566	982	1
566	2122	1
566	2191	1
566	2632	1
566	2922	1
566	2980	1
569	812	1
569	1212	1
569	1763	1
621	752	1
621	905	1
621	982	2
621	1025	1
621	1212	2
621	1608	1
621	1763	1
621	1780	1
621	1991	1
621	2047	1
621	2693	1
621	2752	2
621	2797	1
623	917	1
623	2159	2
685	982	2
685	2656	1
685	2715	1
685	2839	1
729	752	2
729	799	1
729	982	1
729	1025	1
729	1212	3
729	1402	1
729	1617	1
729	2191	1
729	2623	1
729	2636	1
729	2656	2
729	2752	1
729	2792	1
729	2884	1
748	1242	1
748	2636	1
752	905	1
752	982	4
752	1006	1
752	1025	1
752	1175	1
752	1212	3
752	1242	1
752	1454	1
752	1617	1
752	1763	1
752	2191	1
752	2501	1
752	2623	1
752	2656	2
752	2688	1
752	2693	1
752	2795	1
752	2861	2
776	1037	1
776	1400	1
776	1763	1
776	2122	1
776	2323	1
776	2450	1
776	2632	1
776	2913	1
799	982	2
799	1025	1
799	1175	1
799	1212	1
799	1763	1
799	1991	1
812	982	1
812	1763	4
812	1863	3
812	1991	1
812	2380	1
826	1025	1
826	1763	1
826	1991	1
826	2501	1
826	2623	1
826	2922	1
837	2283	1
882	905	1
882	1262	1
882	2122	1
882	2792	1
882	2913	1
882	2922	1
905	908	1
905	1025	2
905	1212	2
905	1608	1
905	1617	1
905	1780	1
905	1906	2
905	1911	1
905	2191	1
905	2198	1
905	2393	1
905	2455	1
905	2636	1
905	2656	3
905	2695	1
905	2734	1
905	2806	2
905	2879	1
905	2922	1
905	2980	1
908	1025	1
908	2239	1
908	2283	1
908	2421	1
917	982	1
917	1212	2
917	2063	1
917	2734	1
982	1025	5
982	1212	22
982	1258	1
982	1454	2
982	1681	1
982	1720	3
982	1763	10
982	1780	6
982	1807	1
982	1863	1
982	1869	1
982	1991	2
982	2025	1
982	2122	4
982	2149	2
982	2159	2
982	2191	3
982	2202	1
982	2245	2
982	2283	1
982	2380	1
982	2504	1
982	2636	1
982	2656	7
982	2685	2
982	2688	1
982	2693	1
982	2715	1
982	2734	1
982	2752	5
982	2756	1
982	2792	4
982	2795	1
982	2796	2
982	2797	3
982	2839	1
982	2840	1
982	2861	3
982	2884	1
982	2922	3
1006	1025	2
1006	1091	2
1006	1212	1
1006	1242	1
1006	1869	1
1006	2263	1
1006	2688	1
1006	2693	1
1006	2884	1
1025	1091	1
1025	1175	1
1025	1212	8
1025	1402	1
1025	1617	1
1025	1763	9
1025	1780	4
1025	1807	1
1025	1863	2
1025	1869	1
1025	1906	1
1025	1991	3
1025	2025	1
1025	2027	1
1025	2122	1
1025	2159	3
1025	2245	1
1025	2263	1
1025	2283	2
1025	2420	1
1025	2421	1
1025	2450	1
1025	2478	1
1025	2636	2
1025	2656	5
1025	2715	3
1025	2752	3
1025	2756	2
1025	2796	3
1025	2806	2
1025	2861	1
1025	2884	2
1037	2450	1
1037	2504	2
1037	2632	1
1091	1212	1
1091	1454	1
1091	1763	1
1091	1863	1
1091	2636	1
1091	2688	1
1091	2797	1
1171	1763	1
1171	2147	1
1171	2159	1
1171	2191	1
1171	2636	1
1171	2797	1
1175	1763	1
1175	2027	1
1175	2191	1
1175	2380	1
1175	2795	1
1175	2797	1
1186	1763	1
1186	2027	1
1186	2159	3
1186	2797	1
1212	1258	1
1212	1401	1
1212	1608	1
1212	1617	1
1212	1763	8
1212	1780	4
1212	1869	1
1212	1906	1
1212	1911	1
1212	1991	1
1212	2025	1
1212	2027	1
1212	2047	1
1212	2063	1
1212	2122	2
1212	2191	3
1212	2202	2
1212	2380	1
1212	2478	1
1212	2504	1
1212	2636	2
1212	2656	5
1212	2695	1
1212	2715	1
1212	2734	1
1212	2746	1
1212	2752	4
1212	2756	1
1212	2792	2
1212	2795	1
1212	2796	1
1212	2797	3
1212	2806	1
1212	2840	1
1212	2861	5
1212	2879	1
1212	2913	1
1212	2922	4
1242	2122	1
1242	2693	1
1258	1262	2
1258	1720	1
1258	1763	1
1258	1780	2
1258	1906	2
1258	1911	1
1258	2149	1
1258	2191	1
1258	2202	1
1258	2450	1
1258	2656	3
1258	2685	2
1258	2752	1
1258	2839	1
1258	2861	1
1258	2922	2
1262	1906	1
1262	2202	1
1262	2656	1
1262	2685	2
1262	2861	1
1262	2922	1
1400	2283	1
1400	2636	1
1400	2796	2
1400	2913	1
1402	1763	1
1402	2159	1
1402	2198	1
1402	2656	2
1402	2795	1
1402	2797	1
1402	2913	1
1454	1763	2
1454	2861	1
1454	2922	1
1608	2047	1
1608	2283	1
1608	2393	1
1617	1763	2
1617	1780	2
1617	1863	1
1617	1906	1
1617	2159	1
1617	2752	2
1617	2792	2
1617	2861	1
1681	2159	1
1720	1780	1
1720	1863	1
1720	1906	1
1720	1911	1
1720	2122	1
1720	2149	4
1720	2239	1
1720	2450	1
1720	2656	2
1720	2685	1
1720	2792	1
1720	2797	1
1720	2839	1
1720	2922	1
1737	1763	1
1737	2191	1
1737	2455	2
1763	1780	5
1763	1863	5
1763	1869	1
1763	1906	9
1763	1911	2
1763	1991	6
1763	2027	1
1763	2063	2
1763	2122	4
1763	2149	1
1763	2159	3
1763	2191	2
1763	2202	1
1763	2283	4
1763	2323	3
1763	2329	1
1763	2380	2
1763	2393	1
1763	2478	1
1763	2501	2
1763	2547	1
1763	2636	5
1763	2656	1
1763	2685	2
1763	2695	1
1763	2715	1
1763	2734	1
1763	2752	3
1763	2756	1
1763	2796	1
1763	2839	1
1763	2861	2
1763	2879	1
1763	2922	2
1780	1863	1
1780	1906	3
1780	1911	1
1780	1991	1
1780	2122	3
1780	2149	1
1780	2159	1
1780	2191	1
1780	2380	1
1780	2450	1
1780	2547	1
1780	2656	4
1780	2746	1
1780	2752	10
1780	2792	1
1780	2839	1
1780	2922	3
1807	2122	2
1807	2149	1
1807	2693	1
1807	2695	1
1863	1906	1
1863	1991	1
1863	2025	1
1863	2122	2
1863	2149	1
1863	2159	1
1863	2380	1
1863	2636	1
1863	2685	1
1863	2756	1
1863	2792	1
1863	2922	1
1869	2323	1
1869	2797	1
1906	1911	5
1906	2149	1
1906	2159	1
1906	2202	1
1906	2323	1
1906	2450	1
1906	2501	2
1906	2656	1
1906	2685	2
1906	2839	1
1906	2861	1
1906	2922	2
1911	2149	1
1911	2450	1
1911	2501	1
1911	2685	1
1911	2839	1
1911	2922	1
1991	2283	1
1991	2380	1
1991	2752	1
1991	2922	1
2025	2380	1
2025	2752	1
2025	2922	1
2027	2149	1
2027	2159	1
2027	2478	2
2027	2806	2
2027	2839	1
2047	2263	1
2047	2715	1
2047	2796	1
2063	2191	1
2122	2149	1
2122	2159	1
2122	2191	1
2122	2202	1
2122	2323	1
2122	2632	1
2122	2656	2
2122	2693	1
2122	2695	1
2122	2746	1
2122	2752	1
2122	2756	1
2122	2792	2
2122	2839	1
2147	2796	1
2147	2861	1
2149	2239	1
2149	2450	1
2149	2656	3
2149	2746	1
2149	2795	1
2149	2797	1
2149	2839	2
2149	2922	1
2159	2245	1
2159	2623	1
2159	2715	1
2159	2734	1
2191	2283	1
2191	2656	2
2191	2752	1
2191	2922	1
2198	2501	1
2198	2636	1
2198	2656	1
2198	2795	1
2198	2796	1
2198	2840	1
2198	2879	1
2198	2913	1
2202	2656	1
2202	2685	2
2202	2861	1
2202	2922	1
2245	2715	2
2263	2796	1
2323	2632	1
2323	2715	1
2323	2839	1
2380	2656	1
2380	2752	2
2380	2922	2
2420	2756	1
2420	2796	1
2450	2795	1
2450	2839	1
2450	2922	1
2455	2980	2
2478	2693	1
2501	2623	1
2501	2685	1
2501	2840	1
2504	2795	1
2547	2795	1
2636	2695	1
2636	2796	1
2636	2797	2
2636	2922	1
2656	2685	1
2656	2746	3
2656	2752	1
2656	2756	1
2656	2795	1
2656	2796	1
2656	2806	2
2656	2839	1
2656	2861	1
2656	2913	3
2656	2922	4
2685	2792	2
2685	2861	1
2685	2922	1
2688	2693	1
2693	2695	1
2695	2806	1
2715	2839	1
2734	2796	1
2746	2756	1
2746	2797	1
2746	2913	1
2746	2922	1
2752	2792	2
2752	2922	3
2795	2796	1
2795	2840	1
2795	2884	1
2795	2913	2
2796	2797	1
2796	2840	1
2796	2861	1
2796	2884	2
2796	2913	2
2797	2806	1
2797	2913	1
2839	2922	1
2861	2913	1
2861	2922	1
2884	2913	1
